Row,Model,GLbins,Wavelength,Residual
original_firstorder_10Percentile,0.975400000223856,7.51497249986156e-33,0.0210649672413187,0.00353503253482557
original_firstorder_90Percentile,0.934193943495284,1.53951942800601e-30,0.0423755560502033,0.0234305004545132
original_firstorder_Energy,0.892173450870757,0,0.0571019547093801,0.0507245944198631
original_firstorder_Entropy,0.0076140911062331,0.990064001410187,0.000157199982471375,0.00216470750110809
original_firstorder_InterquartileRange,0.824508809418164,0,0.138095412334177,0.0373957782476582
original_firstorder_Kurtosis,0.882745066781768,1.46948961812074e-30,0.00784285875657622,0.109412074461656
original_firstorder_Maximum,0.859914873859191,0,0.063950362738015,0.0761347634027936
original_firstorder_Mean,0.960487101513719,1.3202528382849e-31,0.0228927289992294,0.0166201694870514
original_firstorder_MeanAbsoluteDeviation,0.874106021697313,1.47382370516992e-31,0.0869181899976346,0.0389757883050521
original_firstorder_Median,0.963149654294121,0,0.0242404910624167,0.0126098546434626
original_firstorder_Minimum,0.710679520510369,0,0.163675205004382,0.125645274485249
original_firstorder_Range,0.836193255793986,0,0.0786883626251704,0.0851183815808432
original_firstorder_RobustMeanAbsoluteDeviation,0.838193835615911,6.05189047684542e-31,0.124934243300332,0.0368719210837576
original_firstorder_RootMeanSquared,0.935177126755551,0,0.0389701192428871,0.0258527540015615
original_firstorder_Skewness,0.926194918931025,1.55389686486802e-31,0.0224304281001579,0.051374652968817
original_firstorder_TotalEnergy,0.892173450870755,4.24419947737314e-31,0.05710195470938,0.0507245944198648
original_firstorder_Uniformity,0.0109924754469351,0.973133149832827,0.000261732857153688,0.0156126418630838
original_firstorder_Variance,0.821147331395826,7.4223557919905e-32,0.0976827395849889,0.0811699290191854
original_glcm_Autocorrelation,0.0032880674359425,0.979380160660429,0.0018161223362739,0.0155156495673542
original_glcm_ClusterProminence,0.0141180566469007,0.915555776584934,0.000196839643489222,0.0701293271246757
original_glcm_ClusterShade,0.0490310219207464,0.764348351019228,0.00107228531652363,0.185548341743502
original_glcm_ClusterTendency,0.00151996029404365,0.982865154432982,0.000740623869952507,0.0148742614030218
original_glcm_Contrast,0.000210406632166085,0.995621668288195,0.000273126840533592,0.00389479823910543
original_glcm_Correlation,0.0154096929059151,0.955028745784391,0.0108314200401709,0.0187301412695229
original_glcm_DifferenceAverage,0.000500475476442002,0.996674584341749,0.000185884086868735,0.00263905609494042
original_glcm_DifferenceEntropy,0.000167287404200097,0.998816793690742,0.000131229747416634,0.000884689157640839
original_glcm_DifferenceVariance,0.00177978691938695,0.991749562327744,0.000259501198005132,0.00621114955486346
original_glcm_Id,0.00249357511661319,0.995294865897457,0.000191673977630248,0.00201988500829919
original_glcm_Idm,0.00250284485442925,0.995161762810265,0.00018344053993942,0.00215195179536676
original_glcm_Idmn,0.00122519375320962,0.976868896253241,0.00255058433989709,0.0193553256536524
original_glcm_Idn,0.169109946339937,0.169465052277363,0.07096754878697,0.59045745259573
original_glcm_Imc1,0.0110751890608929,0.979201302611229,0.00610321587579668,0.00362029245208129
original_glcm_Imc2,0.0344066791846234,0.934994857110631,0.00357284413481704,0.0270256195699287
original_glcm_InverseVariance,0.00111853118991935,0.971629609869291,0.000132170292640908,0.0271196886481484
original_glcm_JointAverage,0.00267357693067704,0.99119057005084,0.00129167930600827,0.00484417371247448
original_glcm_JointEnergy,0.00646416147345111,0.969997975586361,0.000384346618109099,0.0231535163220792
original_glcm_JointEntropy,0.00324048579433049,0.9950398716642,9.2093094528901e-05,0.00162754944694021
original_glcm_MCC,0.0338808172808716,0.922833671786809,0.00842282911235403,0.0348626818199658
original_glcm_MaximumProbability,0.010329961358909,0.970637845695102,0.000738709585951504,0.0182934833600373
original_glcm_SumAverage,0.00267357693067698,0.991190570050841,0.00129167930600827,0.00484417371247414
original_glcm_SumEntropy,0.00578416420943115,0.991833591277309,0.000181980639729251,0.00220026387353023
original_glcm_SumSquares,0.00133496674346283,0.984230272144632,0.000653644248233803,0.0137811168636719
original_gldm_DependenceEntropy,0.00835372594310867,0.98278343842526,0.000409218112518458,0.00845361751911289
original_gldm_DependenceNonUniformity,0.0750413957641216,0.894747637429282,0.000139310426508298,0.0300716563800886
original_gldm_DependenceNonUniformityNormalized,0.00531108332047088,0.959237152988731,0.000190315782490987,0.0352614479083075
original_gldm_DependenceVariance,0.0072341238964457,0.973329656725097,0.000348922204222401,0.0190872971742346
original_gldm_GrayLevelNonUniformity,0.0644512261760206,0.885932793438458,0.000232365411313675,0.0493836149742082
original_gldm_GrayLevelVariance,0.00362475156849986,0.976118760174392,0.000511015418816144,0.0197454728382919
original_gldm_HighGrayLevelEmphasis,0.00223598812217231,0.983514647105112,0.00166480998688659,0.0125845547858294
original_gldm_LargeDependenceEmphasis,0.00305366972460959,0.993311336893785,0.000214319065432535,0.00342067431617266
original_gldm_LargeDependenceHighGrayLevelEmphasis,0.0675207268671286,0.830807462618481,0.0194911136702719,0.0821806968441184
original_gldm_LargeDependenceLowGrayLevelEmphasis,0.00447199967360469,0.973869024804639,0.00147408415877632,0.0201848913629799
original_gldm_LowGrayLevelEmphasis,0.00824495937909292,0.967953014963595,0.00162846740705487,0.0221735582502567
original_gldm_SmallDependenceEmphasis,0.00359138343606454,0.989753536263187,0.000327369022609627,0.00632771127813925
original_gldm_SmallDependenceHighGrayLevelEmphasis,0.000324000686282729,0.988433210657663,0.000647341696028619,0.0105954469600253
original_gldm_SmallDependenceLowGrayLevelEmphasis,0.0753181750402304,0.879912055526806,0.00472251197870641,0.0400472574542571
original_glrlm_GrayLevelNonUniformity,0.170557456263615,0.798402380200884,0.000620426249862069,0.0304197372856396
original_glrlm_GrayLevelNonUniformityNormalized,0.00838169297527576,0.985645565854458,8.87275843491217e-05,0.00588401358591673
original_glrlm_GrayLevelVariance,0.00256351853463744,0.979828853632451,0.000501491700026351,0.017106136132885
original_glrlm_HighGrayLevelRunEmphasis,0.00251089890231031,0.982975540185399,0.00165628539895164,0.0128572755133393
original_glrlm_LongRunEmphasis,0.000363901629753766,0.956097117450151,0.000400631262173223,0.0431383496579224
original_glrlm_LongRunHighGrayLevelEmphasis,0.00929989893342932,0.971364719025215,0.00510835207900909,0.0142270299623465
original_glrlm_LongRunLowGrayLevelEmphasis,0.00221344460920774,0.947303218647805,0.00186753863150361,0.0486157981114841
original_glrlm_LowGrayLevelRunEmphasis,0.00893727966111849,0.965897223743779,0.00170397987410292,0.0234615167209993
original_glrlm_RunEntropy,0.00729871010534895,0.985359128036299,0.00169962443242301,0.00564253742592913
original_glrlm_RunLengthNonUniformity,0.0313658045847905,0.946240890704999,0.000209033762982329,0.0221842709472283
original_glrlm_RunLengthNonUniformityNormalized,0.00349232891438881,0.994726111372926,0.000176420744821626,0.00160513896786352
original_glrlm_RunPercentage,0.00339419392654418,0.994070736183077,0.000225004421303164,0.00231006546907531
original_glrlm_RunVariance,0.000115801109589534,0.947293496808335,0.000535396868470232,0.0520553052136052
original_glrlm_ShortRunEmphasis,0.00377391867990628,0.994805471239065,0.00016833139972132,0.00125227868130717
original_glrlm_ShortRunHighGrayLevelEmphasis,0.00207932723434063,0.984112442063442,0.00150015489468131,0.012308075807536
original_glrlm_ShortRunLowGrayLevelEmphasis,0.0167941803227775,0.949864620322739,0.00179547866407776,0.0315457206904058
original_glszm_GrayLevelNonUniformity,0.0171008631595173,0.957372549724129,0.00169783383217425,0.0238287532841798
original_glszm_GrayLevelNonUniformityNormalized,0.00982976142475583,0.949712022545066,0.0018753648758262,0.0385828511543516
original_glszm_GrayLevelVariance,0.00037114478702773,0.995049775961755,0.000303438225114767,0.00427564102610278
original_glszm_HighGrayLevelZoneEmphasis,0.00480886337816157,0.977181048621853,0.00137743297531872,0.0166326550246669
original_glszm_LargeAreaEmphasis,0.0538357589654366,0.796671379306361,0.000662194032323538,0.148830667695879
original_glszm_LargeAreaHighGrayLevelEmphasis,0.198319194685299,0.608420158887874,0.0156617929872338,0.177598853439593
original_glszm_LargeAreaLowGrayLevelEmphasis,0.0272441233214549,0.857135750565745,0.000807915912515195,0.114812210200285
original_glszm_LowGrayLevelZoneEmphasis,0.00139291219228289,0.988645087369626,0.00145006593764776,0.00851193450044363
original_glszm_SizeZoneNonUniformity,0.00286960707939134,0.985312743042642,0.000392679719894458,0.0114249701580724
original_glszm_SizeZoneNonUniformityNormalized,0.0516342603113078,0.924170723610411,0.000557963546262406,0.0236370525320186
original_glszm_SmallAreaEmphasis,0.0696346394206655,0.889593866567455,0.000838617003408947,0.0399328770084703
original_glszm_SmallAreaHighGrayLevelEmphasis,0.0036836856253027,0.980156768531763,0.000985634824525652,0.0151739110184087
original_glszm_SmallAreaLowGrayLevelEmphasis,0.011132168284088,0.958385843416191,0.00175980752686883,0.0287221807728517
original_glszm_ZoneEntropy,0.00412025623653068,0.99051314442235,5.83285825899957e-05,0.00530827075852902
original_glszm_ZonePercentage,0.00313308415091896,0.989230024869723,0.000312497620279314,0.00732439335907831
original_glszm_ZoneVariance,0.053913573323829,0.796623124512063,0.000656234709017967,0.14880706745509
original_ngtdm_Busyness,0.0072894938025228,0.963490977899864,0.00108602221144291,0.0281335060861698
original_ngtdm_Coarseness,0.738244623436218,0.204949013685597,0.0105338015806834,0.0462725612975016
original_ngtdm_Complexity,7.91658270096517e-08,0.996547438075162,0.000339344078902468,0.00311313868010898
original_ngtdm_Contrast,0.0264657218064956,0.921162208195703,0.000914088801769195,0.051457981196032
original_ngtdm_Strength,7.38100556053859e-06,0.997561077773992,0.000124476347968501,0.00230706487247889
